ids,Bovine,Gibbon,Orangutan,Gorilla,Chimp,Human,Mouse
Bovine,0,1133,1136,1112,1032,1125,1050
Gibbon,1133,0,1150,1018,1085,1138,1105
Orangutan,1136,1150,0,1126,1132,858,1152
Gorilla,1112,1018,1126,0,1073,1120,1084
Chimp,1032,1085,1132,1073,0,1125,0
Human,1125,1138,858,1120,1125,0,1144
Mouse,1050,1105,1152,1084,0,1144,0
